5276
1896
1910
1897
1909
1903
1905
1900
1900
1904
1899
2551
1897
2053
1903
1903
50433
5281
6886
1895
1897
2051
5285
1904
1900
1896
1895
2711
2051
1895
1905
3326
1983
2197
2703
2197
2023
1904
6680
1905
1899
1907
1905
2051
1896
1908
1895
1895
1908
3350
2695
5286
2711
3346
1903
1903
1903
1903
5262
2714
3367
2557
3351
3367
3361
1906
3367
3757
1899
2179
13610
12751
2827
2717
1895
1900
2053
2714
2023
1906
1957
1897
1907
1903
1908
2177
2711
2711
2178
2052
12937
12860
1907
1117
1897
2052
1901
2558
2202
1907
2176
1908
2714
1900
2177
2558
1901
1905
2551
5491
1907
1908
5287
2809
1896
1899
1908
2809
1957
1905
1904
2809
2052
1905
1908
2711
5277
1907
1897
5870
1907
1907
2559
1899
2717
46987
1906
2180
1896
1909
1900
1907
1901
1907
1905
5278
2716
2197
1896
1957
1983
1899
2053
2551
1896
2051
2551
1897
1957
2551
1897
2053
2551
1909
2180
2551
2180
2551
2180
2180
2180
2180
2551
1906
2551
1897
1897
5278
2183
11763
6233
2023
1903
1897
1896
1907
2179
5745
2711
1897
2182
1904
1905
2711
1907
5281
1910
1904
1983
1905
2051
2180
5278
2558
2809
10685
2180
1901
1985
1907
1906
2051
2711
5870
5304
5289
1910
42166
4991
1909
2178
1908
1983
3364
2023
1907
2552
1910
1910
1896
5285
1900
2179
2147
1905
5856
3494
11506
3326
2200
2179
2179
2179
2558
2558
2558
2558
1905
1910
1897
1908
1899
1901
1985
2711
1908
2183
5870
1908
1910
1906
2809
5288
1908
5287
1904
5856
1905
5856
1908
1909
5260
1908
1983
1901
1909
1908
3346
3494
2182
2023
2552
2551
2827
2827
3350
5288
2557
2552
1899
1984
2695
1899
2052
12742
1909
1907
1909
1899
1961
1908
5285
1899
5276
1906
1985
2552
1117
1904
5260
1901
1908
1907
1983
2196
2179
1984
1900
2201
1908
2183
5870
5289
1909
5260
1903
2813
1903
2197
1899
1961
30204
2199
5285
2179
2178
1984
5280
2177
1897
1909
1896
1910
2180
2551
2180
2551
2180
2551
2197
1903
1984
1907
2180
1909
1906
1906
2023
2552
2176
1899
2023
10614
2023
1904
5278
10612
12452
5260
1907
12329
1897
2053
2551
1897
2551
2023
37130
1908
1896
2551
2023
1896
2551
2200
2023
5870
5289
1907
14837
2180
2551
2180
2551
2180
2551
2180
2695
1907
1895
2552
2179
1899
2552
1908
12298
12298
6233
5285
1908
1896
1961
1896
1961
1899
1985
12890
1900
2711
1900
1901
1905
1903
1903
2182
1984
2557
1909
1899
2551
1899
2551
1899
1899
2551
1899
1899
2052
5281
1983
1908
1908
1908
2023
1907
2178
2180
5281
1900
2147
1907
2178
1903
2177
2200
2718
1899
1909
2177
1903
11019
2196
13854
3699
3695
11087
2809
2559
12850
2202
2180
2551
2180
2180
2551
1896
1908
1905
1897
5301
1907
1909
1905
1895
2023
1900
2809
1905
1905
1908
1901
1896
2051
10898
1985
1909
1909
1908
2179
12403
10825
1984
5746
2809
1896
2052
1910
2884
1907
1905
2051
5301
2176
2183
2183
2176
1905
1984
1908
1905
1897
1899
2552
1957
1904
2552
2884
1905
2552
1905
1910
2023
2180
1984
2180
1984
2183
1984
1910
1897
2813
2552
2180
2180
2180
2180
1957
2196
1897
5301
3350
3350
3326
3326
1904
1904
1896
2023
5870
1908
2827
5300
1908
1909
2711
3364
1897
2051
1904
1906
1901
3350
1908
1907
3346
1900
2884
1904
2551
1907
1910
2200
1901
1904
3326
1908
12591
1907
2552
1908
5260
2177
1905
2180
2551
2180
2551
1905
1896
2809
2053
1903
2198
3694
1907
2706
6230
2704
1907
2552
1984
6680
2711
2196
1910
2197
1903
2023
2552
1903
6230
1903
1906
13750
2552
1910
2714
3699
1983
1907
2714
1899
3695
2180
1984
2552
2182
1984
2552
2183
1984
2552
2182
1984
2552
2183
1984
2552
2182
1984
2552
2809
1984
2552
2183
1984
2552
14092
2714
1896
1903
5278
19981
17942
2552
2717
2710
6233
2704
1908
6231
1908
6231
1908
3697
12751
6231
1984
12854
1903
1903
5285
5285
2200
2201
2703
2196
2716
2703
2809
1984
2552
2183
1984
2552
2182
1984
2552
2180
1984
2552
2180
1984
2552
2183
1984
2552
2180
1984
2552
2183
1984
2552
2180
1984
2552
2809
1984
2183
1984
2182
1984
2552
1908
1906
2827
1910
1910
1910
2178
2053
5304
1117
1117
1117
1117
1117
2703
1901
2202
1909
2053
3351
1910
2198
3698
3433
1909
1908
2202
3350
2178
2183
1908
1900
5278
2559
1908
26003
3364
1907
1903
1897
5870
1899
1984
3361
1899
2551
1910
2202
19485
1910
2197
2717
2717
1899
1957
2552
12959
2180
2551
3346
12751
2178
2180
5278
1908
1907
1908
1903
2052
2197
2718
2198
2552
2199
1903
1903
2552
2557
1903
5532
2707
1899
1957
2551
2704
1899
1957
2707
1899
1957
2710
2023
5856
2023
5870
1905
5491
1897
1957
1905
1906
6231
12862
2813
1909
2200
1899
1907
1909
1899
1907
1983
1907
1908
1899
1984
2711
1907
2023
1907
1897
1907
1910
1903
2714
11365
1899
2182
2177
2177
2177
2177
2177
2177
2177
2711
2711
2182
2711
2711
2711
2711
2557
2557
1905
1957
2557
2557
1905
1957
1905
1957
1905
1957
2557
2557
2557
1905
1957
1905
1957
1899
2552
1905
1957
1899
2552
1899
2552
2176
1899
2552
2176
1899
2552
2176
2176
1899
2552
2176
1899
2552
2176
2176
2178
2052
2178
2052
2178
2052
2178
2052
2178
2052
5746
2178
2052
1899
2551
1899
1899
2178
1905
1117
1905
2551
1907
3361
1899
1984
1908
1896
1984
3432
3364
1984
6224
1903
1985
1899
1984
5260
1905
1907
2197
1117
2182
1117
12523
1903
2703
2711
5305
5305
2703
1905
2196
1117
1910
2714
4994
12298
2695
1961
1896
5292
2179
1897
2827
2695
1907
5281
1908
1910
1907
1906
1907
1905
2551
1905
2551
1905
2551
1905
2551
1905
2551
1905
2551
1905
2551
1905
2551
1905
2551
1905
2551
1905
2551
1905
2551
12748
2178
2176
2179
2711
2183
5285
5258
3326
2179
1899
2551
2559
2177
2179
2176
1900
3361
3494
2023
1904
1907
12889
2552
1895
1908
5532
5532
12285
4991
5277
11343
2179
1897
5260
1899
1985
12934
12932
10619
12941
4991
11264
5532
5532
44733
12591
12951
12949
12285
11264
12933
12944
12933
50225
13622
13220
14082
1897
1983
2711
1903
1905
1903
12980
12937
32894
1899
1896
1961
5258
1899
1957
5303
5286
1984
5745
2813
1907
1907
2052
2177
2559
2827
2827
2827
2827
11343
3367
3367
3367
2200
1908
1901
2717
3346
1895
2711
2711
2695
2559
1897
1897
1957
2183
2552
3351
2558
1896
2052
1905
1899
2551
1908
1895
1900
1896
1907
2809
3346
1901
1907
3350
2827
2809
1895
4993
1903
2827
1906
2199
3695
2711
5292
2809
1907
1908
2179
2714
12744
2183
1984
1909
1984
3432
1117
2813
2052
2147
5262
1899
1957
2182
1984
2552
39892
1907
6237
2197
1903
1896
1899
13050
2176
1900
2813
11343
5276
11343
5277
2813
10616
1899
3699
3697
12744
1903
1905
1907
2178
2052
1905
12745
2180
1900
14105
1906
1909
1904
1901
2695
3432
2695
1908
1904
5276
2695
4993
2023
3432
1897
2053
5286
2200
1895
1907
6230
1897
1907
2809
1983
2023
5870
1908
1905
2551
1905
2551
5262
1897
2183
2198
13341
1910
5303
2704
1897
1904
1985
2559
5286
5260
2711
2147
1983
1901
5301
1904
1907
3326
5287
2711
1906
2180
1903
3367
1905
1896
2052
1910
1983
3364
11041
2176
12748
12421
1899
2183
2051
2557
11087
1909
5286
1907
5277
1908
13721
5277
5598
5285
6224
1903
5304
2714
2559
3367
6235
2052
2559
5277
5286
5286
1897
5281
2704
12748
2559
5303
5301
12934
1985
1901
2552
2809
2197
12329
2177
3346
2199
2703
2827
13406
2717
1897
2023
5870
1907
2177
2813
1908
2023
5870
1908
2023
12862
3346
13610
2198
12870
1903
3367
1117
1899
1984
2551
1907
2703
5303
2707
3698
3362
1910
3698
6235
3367
12852
2714
3367
5277
12745
1906
1909
1903
2147
2052
2551
2177
1907
2813
5277
1896
5288
6680
3361
2178
1984
1906
5278
12937
2827
5278
2711
13610
3367
12862
2703
12742
2714
12745
3367
2711
12856
12852
2183
1905
5303
2182
1984
2552
2182
1984
2552
2182
1984
2552
2180
2551
3326
1908
2198
3697
2198
5287
5304
1897
1897
2177
5278
3757
2177
3364
5284
3433
1903
3756
5293
12742
2183
1984
2552
2183
1984
2552
2183
1984
2552
2183
1984
2552
2183
1984
2552
2183
1984
2552
2183
1984
2552
2183
1984
2552
2183
1984
2552
2183
1984
2552
2183
1984
2552
2183
1984
2552
2183
1984
2552
1908
2183
1984
2552
2183
1984
2552
2183
1984
2552
2183
1984
2552
2183
1984
2552
2183
2183
5747
12182
2711
2179
1897
2180
1984
2179
2552
5288
1900
1908
1905
1905
5856
1908
2827
1908
1909
1909
2695
1904
2695
2177
1903
1901
1908
5301
2711
1907
1910
2717
3757
1907
1896
2053
3367
1909
2178
6434
2557
1897
5261
2711
1899
1896
2711
2177
2202
1897
5304
2178
2178
2559
5293
5280
5280
2183
2177
2813
3326
1905
1905
3433
2178
13814
3361
6434
12934
6434
12856
1905
10612
10612
12453
5260
3698
1908
1117
1903
3364
1909
5856
2176
2023
5870
2559
5286
5286
5281
2183
5258
5287
4993
11019
13319
1909
5856
1905
5284
1905
5278
2176
1900
2827
2827
2552
4994
2695
5292
2179
5262
1900
2180
5262
1899
24319
2714
10619
12870
1899
6434
5286
2023
12294
11343
2177
1896
1985
1907
12937
5288
2809
2809
3361
1907
1983
1908
1899
1985
2200
3695
3494
11506
3432
1910
2559
3346
1908
6680
1905
1984
2557
5491
2176
1905
2052
2552
3364
1899
13631
1908
6680
1897
13610
5747
1906
13610
1906
12883
12883
5285
11343
5276
2711
1903
12290
1896
5278
3364
12744
12889
12744
6230
12744
13609
3699
3697
5277
1906
13406
2177
12870
2827
10619
2703
13407
2717
13407
11424
1903
2198
2884
5262
2182
1117
1899
1903
1903
2200
5303
12745
3433
5491
1903
3433
2178
2052
2178
2052
2178
2052
2178
2052
2178
2052
2178
2052
2178
2052
2178
2052
2023
5281
11588
1904
1909
5856
1907
1901
1908
6334
1910
1906
2714
2714
12742
1910
5304
3695
4994
4991
2177
5286
5301
5262
2552
11383
2809
10898
2551
1896
1957
1910
1906
1910
1903
2023
1906
11542
1983
5301
2023
12754
3346
2176
3433
6680
12854
5292
1903
5532
1910
1910
2197
12329
5281
2711
10616
3699
3697
2200
3695
13061
1906
1907
6233
12744
12745
2552
10611
9659
10878
5277
1907
12801
2196
2196
5278
6229
1117
3361
5304
5291
12322
11542
5291
10612
3433
5261
10611
12452
5289
12297
12453
12786
13219
12591
2177
12865
2177
12868
12941
5301
30670
13610
6680
2552
1908
1907
14084
10611
1957
12329
14642
2809
10612
12453
12322
5287
1901
2827
2197
2147
1984
12745
12297
12523
1910
5288
12754
14642
2201
2827
2552
2200
3698
12629
5291
12297
1903
2695
1901
5281
5856
1904
5287
1896
2813
1897
1899
2053
4994
6237
1903
1910
3361
10611
1904
10612
1907
5277
1905
2707
2714
2714
10612
5278
2711
11343
2813
2197
1896
1961
1909
12745
5260
5532
2198
1899
1957
12298
10612
1907
6334
1903
1910
11762
1117
1117
5303
3697
6233
12744
1910
12322
2023
2147
1984
3362
5278
2695
2809
1983
2809
1907
2179
1896
20468
20468
5285
4993
1907
5303
1908
2023
2023
14642
2023
14642
2023
14642
2023
14642
2023
14642
2023
14642
2559
2023
14642
2023
14642
2023
14642
2023
14642
2023
14642
2023
14642
2023
14642
2023
14642
14870
1899
1906
2551
5301
5303
5286
1901
5276
1905
2551
1904
2827
1905
1906
5303
1907
1895
5258
5304
1899
2023
1896
5262
5288
3346
3346
2147
1895
2704
2704
1904
5289
1904
13861
4991
12329
10611
10611
5277
12852
12855
3433
2827
2196
2551
12850
12745
10611
1896
12856
12859
1985
12850
12745
2552
2200
5277
5277
5277
5278
3346
5304
2179
2711
1117
1117
2199
34717
2199
5278
5291
17383
3364
2023
12329
1903
3361
12746
6230
6231
3699
3697
3698
5304
1906
12745
2717
17383
5262
10612
10611
1983
1903
1903
13611
1910
2714
3361
1897
2147
1908
3696
3699
2197
2827
2196
12745
5303
1907
1910
1906
6088
1983
2147
2552
3364
1897
2552
1900
5278
2552
1899
1984
12328
9659
12322
6680
2200
12870
4994
13855
12523
1910
1905
1899
1900
1904
2827
3351
1900
5281
10617
5300
6233
3696
3433
3433
1909
2827
13406
5258
4994
1899
12788
2199
3694
1910
1908
11322
1904
11019
2052
1903
1908
5287
5304
3433
2202
2704
1907
12328
2711
2695
2147
1906
5281
2551
5285
1908
2147
1985
11042
3364
1905
1903
1903
10612
2197
11763
1910
2711
2200
12744
12745
5262
2827
13406
6233
1903
5532
4994
12850
12859
12744
12285
5260
3361
2552
11424
2197
5258
2177
2714
1903
5280
5284
11424
12850
4994
45123
1117
12744
2200
1903
12850
2716
12852
6236
2201
3694
1903
5281
1910
1903
5285
3694
1908
12328
5598
1117
5303
1910
1910
2197
1896
5258
1899
5281
2813
1905
5292
2180
2178
2711
2176
2183
1908
3699
3697
6233
6230
1117
12854
1903
5532
2718
3433
1904
2827
3433
6680
1906
3757
3757
3432
3494
2813
6886
2717
3432
5280
5277
2711
2557
5303
2717
3494
1906
1909
5286
1908
3326
5287
1908
1903
5284
1906
12297
2197
3432
13147
3432
2711
5258
5278
1907
2196
2176
2558
2197
5747
13753
12882
5276
2559
5289
1908
1906
5304
5281
12855
14824
4993
1906
1906
2023
5278
2052
2023
5870
5276
1983
1905
5258
2023
5276
1899
5303
14874
14874
28650
10617
10617
13631
5870
12298
23369
13504
13504
2177
19214
6334
5277
1907
5280
2711
2711
5280
2147
6886
3494
35719
5287
5262
2178
10616
1899
4991
2147
2052
2827
3432
13504
1897
1897
5258
2827
2202
2827
2197
2197
11264
18419
1899
2179
2559
5292
5276
2183
2183
10617
5260
1905
1985
2202
3362
2827
4991
5287
5304
2176
3432
5292
5258
2197
2827
5258
2198
6233
5286
5286
7612
7706
2558
12862
12883
12860
12801
5532
5532
2177
6334
5286
5856
5287
5276
12322
1908
1906
1910
5284
5303
1903
13336
5304
12329
13336
2023
5870
5870
2884
2177
1896
1957
5258
1905
1957
5292
2552
3326
2714
3697
5304
3432
2023
12745
4993
12745
12856
12852
5599
5598
2179
2053
2176
5277
1907
1909
1905
5261
5301
5303
5304
3433
2179
2813
3346
1908
5278
5262
5258
1117
2716
3695
5281
2177
2196
1899
5262
1984
3366
5870
12854
2197
2023
11343
13341
1899
1908
5262
5261
2196
2179
5285
2180
6233
5293
3494
3494
3696
1117
1117
3351
2200
3695
12852
1896
1905
2809
5303
1961
1910
2703
1910
1903
1903
5532
5598
2197
12856
5258
6322
1910
13610
41343
25818
6334
1905
1907
2147
1957
5304
5303
1899
1984
3361
1961
1909
5277
3432
5304
2813
1984
4993
2177
5305
1895
1908
2177
1896
1984
5291
1907
1983
5491
5291
1117
5532
1117
12461
12461
5288
6680
1117
6680
5277
12329
5260
5277
3361
2051
1905
1905
1899
4991
5532
5277
6886
1896
5286
6680
5304
3433
2147
13150
1907
5304
5258
1910
4991
2552
2177
4994
5286
5286
2559
5284
1905
5291
1896
1895
2052
2809
6680
5870
3432
1908
1899
1985
12751
12742
12856
12850
1908
4994
2200
2023
5870
1908
2023
2023
2023
5870
1908
4991
5293
1909
1907
2180
5284
1900
2711
2180
1984
3361
2053
2557
2183
2183
10619
5303
12934
12934
2177
1908
3350
1906
5291
5304
5303
5276
1907
5304
1907
5276
5303
1904
2551
1909
2551
2551
2182
2177
5287
5304
5301
5278
12850
5303
3351
2197
1908
12745
1905
1905
1957
2053
1903
3695
2559
11019
13050
2177
5277
5277
2147
1907
3346
2559
1117
1117
3699
12298
2200
3694
2177
1907
12868
10619
10616
5278
5285
2180
5285
2200
3694
4994
12298
1895
12744
12745
1907
5502
2147
1985
2183
1961
1903
5532
1903
1910
1903
1899
1905
2813
2552
2552
1903
12937
3699
3695
2707
5278
13341
2704
3698
2176
6237
3346
12941
14879
1897
1957
3361
2552
1899
13924
13606
1905
1896
5278
5491
5288
1905
5262
2023
2711
5276
1899
1904
1905
5856
5286
2809
1907
2711
3433
1909
5258
5278
6680
5304
5277
5289
50225
1908
37924
37924
5258
2179
3361
1906
3361
5491
5301
3432
2177
5491
1903
1907
12403
1899
1896
3494
1905
5870
1908
5276
5303
5291
3361
5262
12329
10611
1908
2196
3433
3433
1906
3351
1908
5276
5303
5746
2176
4991
6231
1907
2559
2177
6334
5303
1900
2177
1907
5281
5281
1910
1910
2559
1903
1984
5285
5293
2558
1908
5303
1910
6088
2827
12745
1910
11424
2827
12855
12937
12329
1903
1903
13611
12523
6224
2197
5262
2703
2827
13406
2703
12744
1903
2707
3696
3699
3697
1899
1984
1899
1984
1899
1984
1906
1907
12329
2179
2551
1896
12183
1899
1985
2551
13407
1117
2176
3757
12934
1899
2177
2177
12869
5281
5278
1897
5258
2177
1899
1984
2551
1906
2716
2023
5262
5305
1984
1906
1899
1984
1896
5258
3364
5301
2182
12743
2714
1899
1984
11317
1901
1899
1984
1897
1899
1984
1899
1984
1899
1984
1899
1984
5303
1906
1896
1909
11021
1985
2053
2197
2707
3694
2703
5301
1897
2053
3433
2552
2552
12883
12980
5286
1899
2809
5262
2552
2196
11041
5303
2197
6231
1910
1908
2707
19053
2703
2176
5277
1907
1907
5277
2177
2557
2707
3694
5304
12941
2196
3351
1117
1117
2179
5285
5281
5281
5281
5285
3694
5278
1907
5277
2559
4994
2716
3695
2200
3695
1899
2714
5284
10611
2714
11343
2809
3326
5301
3494
11506
14877
14877
5303
5286
1905
32246
14820
5289
2695
2695
1904
2551
5301
5303
5287
14870
4993
2711
2809
3361
2183
5289
2176
1896
2052
6334
6680
5747
47014
6680
5746
5746
2023
1907
1908
6334
5304
24034
24322
5293
5301
5292
5491
3326
1907
2177
12742
5262
1910
1910
5277
1910
6680
11042
2178
2827
2827
3433
5303
5289
2182
5300
1903
2717
3757
10898
2703
5293
2809
2813
1983
1909
1905
1907
2695
2559
3361
3366
3433
2827
2196
3351
1907
5277
1117
1117
1907
5277
6231
5277
2716
3695
2200
3695
3433
1908
6233
12328
5293
5301
1909
2558
2552
5286
12523
1903
5532
1910
1910
3433
2552
1909
4994
2559
1899
1984
10619
2557
10612
5260
10612
5260
3433
2178
5285
5260
6234
4994
3361
1904
5262
13631
3433
3699
5286
6254
2552
5287
10619
2023
3361
2052
2179
5287
2703
2147
1984
2703
1117
1117
2703
2703
2551
2703
2716
5278
5278
1907
5280
1908
2179
1897
1117
1117
2178
5278
6230
5291
2177
2182
5289
3326
2552
5277
2711
3366
11591
5281
5278
1909
5856
5276
6230
4991
1908
3362
1896
2053
1896
3361
1957
5289
2147
1897
3366
1899
1984
3433
2809
1897
5278
1899
1957
1899
1957
1899
1957
2711
1899
2552
2552
5293
11343
5277
2695
4993
1903
5281
5280
1895
1117
10619
2177
1899
5304
2717
2809
5291
12862
1908
2559
1907
6230
2711
5276
1907
2176
10878
2183
5286
2179
1984
6231
5289
5277
5276
1905
2551
1906
6230
5284
12862
2199
5285
5285
5281
3364
3494
11506
1117
10619
13312
6230
6231
6230
2827
13504
10619
1908
1908
5301
2559
13504
1908
3494
11506
3699
10611
3433
10756
1899
1901
2714
1907
11383
5305
1984
5491
1909
1957
5599
5305
5277
1905
2147
2053
12290
12452
1903
2703
5304
6231
1910
5277
1903
6334
11762
5277
5289
1907
5278
5278
4994
2023
5870
1907
1899
3432
1910
2147
5278
5278
2552
3361
2704
2884
3361
1984
5287
5277
3361
1984
5303
2023
2827
13407
12864
1903
5276
4993
6618
5276
6231
3346
6233
5291
6334
6334
1908
3361
11424
5291
1908
12285
12329
12285
5292
5598
1910
5532
5532
1117
12328
6228
1117
3696
5289
5289
5277
5277
2813
1907
5301
3361
2559
5281
1896
1908
5276
3346
1910
2552
2182
2178
1984
2176
2711
2177
5305
5280
6886
1907
6224
2559
6231
5491
1908
4994
4991
2559
3433
1908
6680
1903
1903
5277
5281
2178
2051
1908
5598
5258
5598
5502
2704
3757
2717
1905
2023
1909
2809
12862
13293
22215
1909
2052
2559
5304
5747
1907
5278
1901
2182
2182
5491
2177
1903
2557
5292
5292
1903
2557
1897
1903
2552
5491
1904
1899
1907
4991
6334
5301
2023
5870
2182
1899
5284
5745
5304
5285
1908
5280
5276
6334
5281
1904
5278
5286
5285
1896
2552
6886
1905
2552
6886
2177
3366
2551
2551
1899
5292
1897
2179
12937
3433
3494
2559
5277
12937
10619
2559
4993
3362
2197
5278
5278
5278
5278
2714
12743
2711
1910
1910
1903
5532
1910
5278
11087
13150
1907
5276
2827
1895
11343
12937
1907
2559
5278
1905
2827
1899
11585
5304
4991
5301
12950
2552
1901
1903
3350
2711
12298
10618
2177
5491
1903
2703
5281
1909
2552
1907
2198
3695
13061
5747
1900
2200
2200
3695
5291
1961
5281
2813
1910
3367
3346
5303
1983
13147
2147
5747
1897
2182
1905
1957
1905
1957
12329
2711
5284
6680
5278
5278
3362
3362
3366
10616
10616
5285
2179
2711
1905
4994
12332
3698
2197
3362
2703
5303
5303
5305
5260
13922
1896
2196
6334
3362
5285
5281
1903
5291
5287
2711
2179
5303
3326
1910
24418
24418
1903
3432
36778
1909
2052
2177
5289
2559
5286
5286
5284
3361
2182
2695
2711
10616
1906
5281
2552
3432
1907
3433
2177
2809
5300
1895
5284
3698
1896
3346
1910
1905
5281
5303
2182
3361
2052
1983
5293
2177
2177
5301
5278
5278
5278
1903
1984
10617
3361
1984
5291
2051
1907
5281
2147
2559
5285
2559
13292
5300
5277
5289
3346
1905
5262
3361
1899
5303
2716
3326
5281
1901
2711
2147
2182
1903
2182
5300
5303
2179
5258
2559
11542
5303
2559
5288
2559
5293
1903
2558
1905
2552
5284
6680
3433
3433
6680
6680
6680
1905
12328
1907
2179
5289
1908
1904
1908
12742
2708
1905
1985
1909
1897
2053
6680
2551
1907
1896
2053
4991
1903
11087
2695
1985
5277
3326
5276
5301
4994
12951
5301
1897
2147
1984
2177
5260
2183
2202
6231
2183
1984
2551
2711
2711
2559
2177
1906
5300
6236
2180
1984
5281
5281
2559
5278
2552
5291
13718
3433
5598
2177
2559
6224
5301
2179
1984
3433
12856
12801
1910
13604
5288
1908
5276
5289
2196
2704
2179
3361
2709
3433
4994
12742
3346
13609
1117
5303
2708
3346
3433
12482
12502
1910
3346
5300
1903
2559
2182
5491
5303
5300
5288
2182
12858
2182
2182
2179
1897
1909
13312
3433
11343
1896
2552
2711
2711
4991
2147
1897
2552
2053
10591
1984
5260
3433
5289
6231
5291
5262
3433
5285
2809
1957
1907
1909
1985
1903
12857
3366
5305
1985
12063
31497
5277
11343
3364
1897
1897
3364
1899
2551
12862
2557
1903
53096
11587
5598
5258
1903
1117
1117
2716
2198
6231
1903
20468
6680
4994
4994
5285
5262
1907
12754
14642
2552
5286
2551
2559
2176
5598
14105
5598
12285
1904
5262
2182
6680
5277
5598
2557
2552
1896
5303
9702
9702
12744
12857
12850
2827
2827
9659
1910
2182
11021
5746
6229
12744
5491
1899
5303
2711
5289
2202
2196
1899
2551
12850
6680
5258
2198
2198
2198
2198
3698
2176
14845
5288
12421
4991
5285
13147
11762
11762
37924
37924
12951
2177
3361
2552
11343
12951
14707
10568
3698
2827
2197
2711
5284
2180
2551
2557
4994
2557
5856
2557
2557
2182
2183
2552
12744
12856
2716
2197
1903
12744
12745
2182
1900
2177
4991
5287
6334
2552
2147
5278
3696
3695
2559
5262
5598
5598
12889
5304
12329
12332
1906
3364
5284
4991
11383
5277
2183
2177
2147
2179
2179
7612
2147
6231
1117
2147
5870
1899
1905
1984
3361
1985
12944
2179
13061
6224
2711
12865
2177
13078
12298
4993
2559
6680
5261
10611
5286
11763
12993
1896
2552
10611
10611
2177
1899
1984
34638
10619
10619
1908
6680
2176
1896
2711
10619
12859
4991
39931
4994
4994
1899
4994
1984
5278
1908
1983
3361
12742
1895
1961
2809
1984
1896
1896
5289
2176
4991
2552
2552
1903
6886
3326
5287
2552
2177
1896
2052
2552
2552
2178
1984
11383
15460
5532
2177
5293
5285
2552
1910
6886
2552
2557
5856
1117
1117
3361
5281
2552
12950
5289
5284
6618
5262
10617
11369
11343
10611
10611
5277
11342
11342
2182
11589
4993
11591
11588
2559
10616
5285
2177
12290
12454
1897
1907
10611
3346
12901
3346
11042
5277
3361
11025
5287
11021
5303
10878
2711
5856
1908
10619
6618
10611
12322
2179
10611
12456
5277
12328
1906
5301
5301
3433
12063
2178
1984
1910
5304
5276
10568
11317
11343
5286
5286
11343
10878
12332
12290
12290
1907
2177
6334
3433
5870
2559
2179
2179
12461
11042
12452
10619
1906
11343
1906
1906
2711
2711
12322
12294
5856
12328
1906
5278
1910
5278
1906
11763
11762
4994
2202
6224
6224
10825
12995
12944
12932
11365
5291
12863
13069
13050
3433
12285
10611
5856
2809
3361
3361
10568
2717
2703
6886
2559
1909
2052
5304
2023
12754
12329
12329
2704
11317
11025
10617
5280
2714
2704
2559
12523
5260
5303
12523
5289
5262
2714
2714
5305
2177
3433
5278
4994
2176
4994
3433
2177
2177
2177
2177
2177
2177
12290
10611
7612
1909
1905
3361
2557
11424
3433
10612
11342
2199
13341
7826
4994
10617
10617
5305
12142
6618
5288
11343
14575
11589
5291
2552
2559
5304
3361
1984
2557
2147
2179
1957
2552
10611
3364
11424
2714
11424
12329
5303
12629
1908
1903
1908
2714
11383
6322
3326
33790
1899
2551
2180
2551
11019
13604
5278
12329
12937
12328
12801
1908
12329
12329
12329
6680
10612
10617
10617
10612
5262
1906
5261
6680
5278
1117
11343
19404
2179
42775
17283
17282
11317
1117
10616
10616
10825
10614
2023
5532
2717
1903
1903
1903
5599
2053
5278
5278
10616
3494
11506
12421
5262
6886
6886
13751
1910
12745
10611
1957
2552
12591
13610
12294
5262
12322
5277
5300
12297
12298
12304
1984
1983
14643
2558
6886
5856
12755
2183
1984
2704
13407
12322
5261
10611
10611
6680
5304
5303
10612
5278
1907
1905
1905
12403
10616
12861
12298
2177
3361
12932
6618
12868
12934
12933
2177
2182
13219
12403
13222
13221
5284
12329
5278
12338
2557
12902
12959
2181
11019
1897
12403
2551
11323
10613
10613
12403
2551
5304
2557
5286
2183
2551
10616
5285
6886
6886
12338
1910
2559
5277
1907
5285
13290
12862
2177
10617
5289
3361
1957
12142
1985
13078
12421
13292
13623
2559
3361
1984
11542
11542
53835
14118
12629
1907
4993
11087
10568
11343
5598
12937
5598
13220
11021
2552
6680
1908
13894
12290
12456
14870
40729
2147
12329
11342
3699
3698
12591
10615
2559
3361
1984
12593
10825
2178
6434
2551
7826
2179
1984
1900
12786
12454
11343
12889
12788
12750
12751
3367
12322
12523
12523
12742
12949
12331
12523
12304
11019
45528
12403
12322
2178
2178
5262
12403
13722
13104
12933
11342
2557
12882
12883
42543
5287
10616
2714
2714
1906
9659
13721
5258
5300
12788
11383
12883
12860
13061
11542
12322
3361
12322
2176
12523
12890
1984
12892
12893
12902
12857
12901
1899
1985
12890
1984
12883
12980
1899
1985
1909
2053
10617
12862
1903
12862
2695
12629
10617
5491
3350
3494
12944
12980
11763
11763
12523
1903
13147
5284
2180
4994
12742
12950
1906
13165
5287
5289
4993
2557
12949
2716
3694
3699
3697
3494
11506
2827
3698
3433
3699
3697
2198
13341
12332
12591
11763
2552
2559
12742
2198
12867
1899
1985
12890
1984
12751
12860
12863
2177
13061
12742
1906
2177
2559
6224
12322
2714
5278
12290
12742
5278
5305
12980
12403
5278
2552
12801
12744
2704
12329
13312
12882
12993
12993
10616
3433
12523
1906
12855
12751
2558
2182
5532
5491
1903
6680
1906
11021
1910
2827
6228
3699
3697
5291
11586
2552
2557
5288
12944
5305
42543
12786
12786
5304
10612
1905
2827
2827
5598
1903
1899
12980
1906
1117
12748
12863
3351
1899
1985
12890
1984
12890
1984
3362
13605
1117
13605
1904
10619
3361
2052
12937
1905
12290
12453
5856
13705
12889
5258
13336
13707
12456
13706
11322
12403
5870
13698
5291
12749
3494
11506
11762
11762
5856
13631
5870
11321
13708
12294
13627
13319
13722
13723
13720
5278
5278
11424
11343
12788
13753
3346
5287
3361
12937
6224
17383
2179
10619
10619
3494
5258
10617
13061
12298
12298
1899
1897
11424
18293
18293
12993
14118
5287
3350
2559
2179
11321
2182
5491
11591
3433
12182
12959
12328
12591
12298
1906
3366
13290
1907
5276
5285
10616
5301
1910
1907
1983
10616
5262
11021
10618
2178
12932
1905
11021
2177
2559
13050
12850
1899
1985
12890
1984
2714
1907
19014
1907
5746
2176
13632
12901
11322
10617
4993
5278
14118
14643
11019
12452
5303
5258
12629
12629
3494
11506
2809
12748
2703
2827
2182
3364
13750
12328
11762
14118
6680
2023
12786
13631
14105
3433
2552
3433
1899
11041
12852
10617
5281
1897
6680
5870
10878
5870
2179
13222
12861
12786
12861
13721
5598
14118
11021
12523
12941
10611
12629
5260
10612
14475
12523
3433
13751
12959
10612
13319
2199
1908
5304
14824
11762
12629
5281
13706
5301
1908
13751
6233
14534
14533
5304
10613
10616
10616
14527
14532
11424
13719
10612
12456
14642
2183
2183
5258
13312
13312
14618
12421
13290
3346
13610
3346
13609
12949
3433
3433
3433
12786
12786
1905
5856
3326
14706
14870
13861
48947
48947
14879
12883
14880
14618
12901
13722
2714
1906
12403
12063
2198
5278
12745
12890
6233
2197
5262
5278
6229
1117
1910
17041
2196
1910
12745
1903
12745
14875
14870
2182
14105
3432
3432
14105
12890
12995
5261
10611
10611
14118
12629
12454
13718
13629
5261
5291
14118
12856
5262
3433
5870
14105
10614
15910
14082
5305
1985
5261
12403
13631
4994
4994
1905
5856
14535
13632
5870
5598
15460
12322
2147
2147
2196
2557
13631
1899
5304
13336
10616
10616
14118
5746
1899
3361
6680
5870
1905
5258
2714
10878
13698
2177
7826
4993
14880
14534
13147
1903
14875
5262
5746
13609
2813
15910
5281
13609
3367
12854
13623
17383
14837
10617
12285
1899
10617
10617
2557
2552
1905
5598
5289
13705
18123
12959
5597
3432
14870
13631
6224
13050
13150
11383
10617
12403
3433
21573
21572
21553
12328
12328
18122
12754
2714
5305
5303
2182
5303
2714
13625
17123
12744
12744
12322
13336
2809
2809
2179
1984
5303
2178
2052
2176
5305
1984
10613
13750
13147
12744
13160
3364
10616
21573
5288
2178
2178
13627
13631
16582
14836
6680
21580
12786
10611
12403
12403
10612
1899
1984
10617
10611
13609
11424
13165
5258
10878
12290
12454
13632
5278
14118
5278
14118
5278
14118
13290
12328
12290
10612
5598
1899
5491
1905
1957
5260
7826
7826
11087
1117
5278
1983
12856
12850
5278
13894
2199
12744
2196
1117
1117
5491
2557
2552
3367
2196
2177
2557
2552
14534
12980
12889
5262
5491
12285
5278
5278
17282
17283
14533
12980
5260
1903
1984
10617
17283
12882
1908
2711
5303
12329
12591
3361
12932
12290
12290
5262
13925
2551
12403
5258
5262
11323
5260
14535
2551
12593
10898
5260
12593
10898
14118
13627
14118
2711
2147
10618
10618
10619
10617
11317
5258
12883
13630
14105
13627
5285
2551
12593
10898
1908
1899
1903
3433
10612
5258
14877
2551
13625
11021
1903
12854
2558
5281
11424
3361
13628
1903
1900
5284
12629
13319
14533
12980
5262
5293
11762
11041
2551
14882
17482
5261
12890
11041
13147
1910
1910
13160
14105
11317
11021
13165
12980
1899
6254
10591
2183
12981
14881
5258
11042
13630
5261
12593
10898
5258
10612
12456
14533
12980
12593
12452
5261
2179
6254
12297
10611
13312
11021
14882
13625
13628
5261
2178
2052
1903
1906
12290
5262
5261
1910
1910
2558
10614
11589
14118
13312
12980
13147
12944
6254
5262
14893
5261
14533
5260
17382
5258
14877
13319
4991
2551
13160
5262
13150
5258
17462
13147
17463
5262
13721
5262
12856
12856
5278
5278
13147
13312
12995
13706
5261
14874
14874
2200
17462
14105
10611
14118
10611
5262
12290
5261
5305
2147
13147
5305
5281
13147
2179
10616
13147
2179
2179
13147
2711
2711
5258
10616
2147
5261
12890
12298
10613
10618
2551
5287
5258
17463
12294
17383
14105
12889
11322
13708
10619
13293
13750
13293
14873
13292
12328
13061
13753
12285
12285
12285
6618
2177
11343
14533
1984
14533
12980
12883
12980
12950
13925
12901
14706
14836
14533
3433
5261
14534
12523
13627
1906
10825
11586
12523
1906
13061
1906
2023
5870
1905
5258
6680
5870
3361
5746
1899
43175
43175
13312
12995
2182
13708
2551
12322
18167
18166
15460
13627
13312
6254
5258
12742
12850
12786
11019
13319
13721
2717
3757
13720
14706
14706
14706
14706
14706
14706
14706
12889
12890
12995
13718
13629
5261
2177
12951
13924
15460
15460
4993
18062
13632
12298
12298
18983
23369
11019
13753
5303
3432
3432
3432
3432
3432
2827
36778
3361
5288
13147
41977
10617
10617
12890
12981
5305
12980
5262
12403
5289
2183
2052
2704
5286
1985
5287
10611
2052
13698
5277
3326
14527
11763
11763
13753
11763
11763
11763
11763
12742
10612
10612
10612
10612
10612
10612
5598
5598
5598
5598
5598
5598
12742
12742
12742
1901
2552
18419
2809
2179
2179
2179
2179
2179
2179
2178
5284
5278
5278
12788
1910
18167
5303
2178
5284
2178
5284
18596
18596
14642
18596
18596
14642
18596
18596
14642
13632
5278
17383
12959
18644
13722
12889
12332
14643
14105
1910
13609
3362
12751
19916
19917
2179
12951
10616
10616
12304
13720
5303
13698
13894
14824
5293
3361
12523
13894
17383
1910
13611
3494
11506
3351
13606
2703
13859
1910
12858
12859
42759
3326
5491
5301
2714
5258
1906
14118
2181
13698
31311
43598
18985
12893
5258
18122
5598
13147
13707
13319
5260
19014
4991
21580
13721
3433
5262
5598
13147
3350
3350
1903
13611
2827
13406
6234
3694
1117
6229
5262
4994
4994
12294
5258
1909
12944
12944
13147
14870
14533
1984
14533
1984
14533
1984
14533
1984
14533
1984
14533
1984
14533
1984
14533
1984
17463
17463
17463
17463
17463
17463
17463
17463
18419
12746
19214
5287
12851
7826
7826
13861
12867
1117
12285
5260
12801
13336
13720
12182
12285
12629
12868
10617
12332
1900
3362
12868
1907
11314
12851
19623
12858
2196
12854
2196
13631
5870
12298
5598
5598
12901
12890
1984
10616
19053
19980
12747
30648
19762
19763
1895
2053
3367
3367
19015
1903
1903
1910
1910
13336
1117
19485
13607
5300
11383
12747
19980
19980
19988
3367
3367
14870
2552
19015
13336
12850
12850
12959
12856
13861
17282
12890
14874
12893
13104
12995
5262
7826
7826
10612
12453
5260
1899
1957
2551
2183
1984
2551
2714
7826
7826
7826
7826
7826
7826
7826
7826
7826
7826
7826
7826
7826
7826
7826
5532
2827
7826
20412
12993
12993
19053
14882
20417
5261
3699
13709
2179
14118
13069
12890
11041
10617
12861
3494
20719
12403
5746
20718
13336
2182
11542
21794
21796
11343
11343
13160
11343
1903
19987
13751
17283
17282
12850
3362
5291
14880
1903
5261
11343
11343
11343
5305
1906
5300
12959
1909
13706
1906
12857
1906
12851
2147
17942
5300
2179
1903
11343
12328
23225
11343
6680
3433
20738
12993
11343
11343
2716
14881
14881
1899
13861
1896
21121
12523
5287
2557
13078
1899
12890
5284
5598
1907
6228
19485
5258
2557
1910
12629
6680
21465
21465
4991
21123
14475
14118
13709
5300
10619
13750
12746
13723
18122
2198
12870
13147
5278
11019
21122
6233
12937
14870
12754
2202
1117
6228
3699
17383
10619
10617
17942
14882
20417
11591
21129
12869
28067
10619
10619
10619
13706
14823
13720
2183
10612
12629
12629
5856
2183
10612
2183
10612
5598
14105
14105
11763
5856
1907
11763
11763
1907
1895
5746
1907
3698
1897
23481
23481
6886
2147
21192
2703
18419
21286
5280
13707
10612
13312
14873
13631
2703
2703
3361
2552
2703
13718
13622
11763
11763
12523
18293
18293
11369
12338
12290
12290
2703
2703
12788
13706
10611
18596
11323
12944
5305
5260
12294
17283
10616
2147
2178
10612
21549
14870
14879
17383
13924
20412
21573
21572
14873
5284
21564
10591
6254
12950
13628
12856
18596
11323
21551
21551
21573
21572
21554
21554
21555
4991
2703
2703
2703
2703
13751
13061
5747
24034
24034
5258
12993
12993
13147
12328
11343
23240
1908
13050
23743
14882
20417
1908
5305
3346
3756
11343
42166
42165
2703
2703
11343
1897
1957
14824
4994
11586
12751
13069
1907
22210
22211
22215
5284
14618
3433
22213
12456
22341
11587
2176
18122
22199
23328
23583
22724
23582
12063
20468
7826
12332
3698
2711
5491
3361
11586
2552
18122
13222
18983
12893
12902
18983
12893
22199
13698
11343
41370
41583
2181
42139
14882
20417
41261
41259
41583
2181
11591
3367
41263
2558
1903
5532
13609
3696
2813
41343
32731
13607
3346
5303
5303
10756
41175
11343
12993
41180
41177
41177
12993
12890
12993
12856
10613
13406
22596
11343
5598
5305
12980
1896
1961
14837
2183
12893
1905
2052
6224
2181
5305
12980
1905
2813
11041
12862
2717
12860
5262
13606
1903
13611
11343
12959
2717
23240
13220
5278
5258
1983
12591
10616
12862
1910
5305
12980
24321
13061
5276
4991
12951
2147
1984
19987
19053
12863
12863
1899
1983
2559
1896
5276
2023
5260
10616
5285
1895
14877
1908
23174
12332
20468
1904
5856
3494
12329
12322
5305
12980
5305
12980
11343
2709
10617
1903
13611
42544
42543
2551
19053
22738
22738
1903
2558
21553
19053
5305
5870
6886
1895
2827
17041
3351
2716
3699
1896
5281
2551
2809
1985
14873
18122
14873
18122
2182
2196
2181
5305
12993
24320
5262
2200
12870
19916
2558
29619
29649
29670
5258
29683
29619
29638
29687
29668
29639
42169
42167
12893
2200
3698
11342
23225
29716
12290
12290
1908
24014
29631
5289
13722
11365
11323
1899
1984
13750
12182
11542
11342
23052
21465
12452
5260
2557
13924
13924
5532
13859
13706
2827
3351
13924
13924
2200
12870
13407
1910
14870
12868
12870
12993
2200
12870
1903
13611
1903
2201
3698
46983
47031
45053
18419
21554
21554
21554
1117
43014
1910
19053
24332
24331
34312
10616
10616
24321
13707
13707
23582
23583
22724
12993
2200
12591
17283
13750
14707
29114
24324
24324
24326
14882
24038
2180
23356
12902
29484
12959
28067
1903
2703
2704
13407
14707
12751
14707
1910
12944
12950
17383
13750
12523
13750
5287
10616
12853
13623
2717
3757
10612
17383
13625
12959
10617
1903
1903
13336
5292
5262
12890
2052
1903
14643
12629
14822
14877
5260
1910
1903
23906
12850
24016
23241
23225
14643
1905
1903
13894
6334
24495
12902
11342
3494
5870
3494
11506
13698
11365
10591
6254
5305
4991
12285
23335
13610
2176
14533
23369
12867
23382
23382
14533
28736
28737
23450
19762
10612
10612
22199
12183
3695
13706
24409
12338
13708
10898
5284
20468
3757
3757
5303
12745
3757
3757
3757
3757
12950
12403
12950
18644
29678
12523
2201
21550
3364
26003
11343
1908
29676
28488
2558
20718
11542
3326
5292
5293
5300
5301
5491
17942
1904
1904
12951
2023
5870
17383
13625
1907
12959
17383
10616
10616
13061
12902
2201
1908
5301
1895
6228
2023
5870
1897
5746
1908
2180
1896
1899
1984
12421
3699
13341
1908
19404
12937
1903
23708
12860
13622
1908
5278
1905
5532
13605
15460
1905
22199
11365
28365
10612
11589
10616
22215
13698
12629
12629
23889
18419
1906
1910
23225
5258
14881
31311
18419
21554
24019
11019
12452
11365
7826
1906
5870
5745
1895
10617
10617
12298
18644
11019
12893
13336
12944
5262
12944
11019
12893
11019
12893
1906
5856
22210
22211
5491
17283
12751
10619
1905
14873
12294
14870
13707
13707
11383
23907
12182
29667
5258
2147
14118
2147
19214
2023
24012
2199
12851
2023
13705
19987
19214
2023
2182
12980
3494
11506
13160
11019
14870
21554
22199
14873
35714
5289
5870
13622
12944
11763
12523
5305
12980
13750
2176
2182
11019
11019
10612
12456
2023
2178
21555
17382
13504
1908
1908
19980
2557
3364
10616
28125
5289
13925
3362
13406
12944
11762
17383
23906
23907
23908
23908
14870
18419
5286
12944
3346
13605
24327
24328
24321
23225
24322
24325
24326
24320
24319
24324
24324
13069
13707
13707
21554
21554
18419
21554
11019
12893
1906
5288
13160
1908
5278
1908
23908
23908
3433
12890
1984
13605
23996
23996
28067
1903
2196
5305
23906
23907
3694
24034
24038
2147
23052
10615
12995
3367
13504
13705
24017
7826
1906
10619
2711
23998
14822
12859
12944
23907
23908
17283
12902
14535
2023
13709
5747
2178
2052
1903
1903
5262
3494
11506
5870
1896
12993
1961
2183
1957
5261
2147
5278
5261
24034
24038
1908
2177
12869
1907
12063
5870
1910
21465
1907
12593
11041
2023
2023
23673
24038
14535
24034
24038
2180
12950
13165
1984
14880
5260
4991
1905
12523
11505
5260
14706
13751
14532
12403
13709
32924
24017
24017
12523
12993
12183
12754
24244
14475
12523
1904
19987
5300
5278
1896
21573
11041
1907
1896
1896
35714
12754
24244
22391
11383
3494
32953
14837
10619
5300
10619
13750
12901
14533
12980
12944
19763
10591
12869
1899
1984
12890
1905
12523
5303
1903
1905
5289
14084
6680
5870
19214
19214
13632
2023
1896
5260
5870
5598
6886
14707
11838
10614
1984
5747
12328
13750
14877
1910
1910
28916
24333
24333
24331
23382
24328
11762
24319
13160
12890
1984
23906
24014
12856
12742
13061
24014
1908
11542
13751
17462
14876
4993
2199
22215
13723
1117
21551
3694
24333
24331
24333
24331
24333
24331
24333
24331
24333
24331
24333
24331
24333
24331
14845
24332
24331
34312
12889
29107
6618
5747
30403
12980
5747
13504
23428
23428
1901
13709
28365
1908
28965
18122
6618
29107
6618
28965
1899
1984
5491
11762
12523
1908
24418
23481
12063
1904
5258
19987
5287
13750
2695
1905
1905
22391
1901
14475
12523
1907
1910
27405
27406
5262
12063
13706
13069
25587
24034
24038
5502
5502
5287
24034
24038
24034
24038
5278
15460
27405
27406
12329
12523
3494
11506
13924
13061
24512
13722
1910
2695
12329
22346
5303
22199
12461
10611
1909
14618
13709
2714
27407
24331
2551
25520
12868
22199
14878
1903
12993
2180
2178
29542
23356
29422
12932
29543
12865
29432
29418
29418
13222
13221
29544
13719
12981
2711
12750
13720
2179
13318
11762
11762
12331
12864
9659
13221
12329
12747
12748
4993
11365
29431
13623
28965
28208
5291
1117
23428
2051
13631
5870
1909
1909
28087
13698
5286
14880
11342
5278
12944
11041
13722
5870
17383
21122
21122
13706
30482
1903
27701
25588
13720
11542
12482
12502
18644
27496
13341
2708
12855
2827
25646
3346
25698
12629
3494
11506
19214
1896
2052
12403
5870
12403
5258
14873
21192
13160
12329
11087
27849
27849
5260
30310
27836
5304
2178
24331
6231
12591
10617
14105
2178
23906
13698
24014
1895
2053
12751
23225
24328
12298
12298
25758
2178
24331
12591
6231
10617
14105
23741
24418
2704
3346
2695
7826
7826
23908
23908
23908
23908
23908
23908
24324
24324
3494
11506
12755
5258
12748
14845
14535
13707
12298
12750
23369
6322
17283
12747
1905
1117
13722
25816
25818
2177
14824
1903
12421
29676
12338
22738
22738
31309
29310
12959
31296
31302
31301
13698
12993
10616
14118
17383
5258
24324
21555
18596
18596
12890
5258
13750
1903
14877
14877
12421
12902
13751
13623
25816
22391
22738
12993
1910
1907
10616
5278
13632
34312
2827
10616
1907
5278
1910
24038
12331
1910
2200
12870
12329
1910
30485
13924
13924
19487
1903
13751
13625
13625
20718
13698
13750
14092
28133
28133
23225
24322
23225
24322
23908
23225
11025
11025
12959
28488
23906
29636
18983
29432
1910
27496
27496
5491
12750
27923
4993
10611
12452
5262
10611
12452
1117
12742
29706
29638
34312
3346
24034
24038
3433
13312
14618
2182
13924
29706
29638
12902
13504
1899
14873
5289
12864
1910
6088
13924
2716
2710
6334
12745
12850
12850
14105
24017
14084
13050
11505
5289
10613
10613
12902
28037
28037
14082
2827
2827
12285
5260
14874
14874
17383
23225
23240
12944
2552
5262
25688
17383
4991
19053
26003
6230
13611
13406
2707
3697
11365
1910
5260
27852
27862
13924
5278
15460
12748
27407
24331
29634
29642
5260
1903
11321
29634
29642
2707
24012
12950
2827
33963
21122
2711
12858
2704
2197
2717
14877
20412
2199
13341
12745
12748
12748
14879
17283
23382
24328
29446
12860
21553
27496
27496
23382
19053
19053
12864
20468
2177
18419
23741
14824
12937
3494
11506
28037
28037
14643
6334
12322
2884
25816
25816
25520
11585
3433
6334
2178
1984
5287
7826
10568
1903
28037
28037
11021
5262
1903
1903
17041
1910
2200
2202
14533
5260
13160
1903
14707
28115
30182
17282
5261
12294
5856
4994
14533
29634
29642
2176
12452
1903
2182
12523
12949
12944
5289
29634
29642
12950
12944
1903
14643
14533
19214
13722
10612
10612
12937
12937
5532
1903
13751
1903
13611
22199
1903
5289
5260
12852
25758
13698
28488
14873
13608
6228
24012
3699
3697
3699
28456
20718
1903
5532
5598
14105
12890
12981
5276
13707
23382
12332
6886
3494
11506
23382
24328
23481
23481
28650
22738
29816
29626
28354
23741
13222
2177
18644
1910
12183
23889
2202
12850
2711
2177
2704
2827
6228
12744
28200
23225
14822
2704
12801
13861
2717
2716
2717
2716
3346
25758
29433
29433
29435
24321
12183
2716
24321
2197
28487
28487
28487
29441
29431
2199
28198
29707
29640
30580
1910
1903
24324
24324
24319
24320
24326
23225
24322
24012
13750
5281
14874
14874
30625
29433
11321
10614
1984
28965
11343
12182
2179
1910
2703
15910
18122
23225
25758
29715
31311
31311
5287
25758
30578
29107
30577
23225
23908
25758
12860
19987
19987
28648
23906
29640
12889
21553
15460
2551
14875
12890
2052
12890
2052
13165
12893
14082
22199
1903
2716
13609
22738
23356
21580
46987
47032
18293
5258
14874
14874
23673
30441
12890
2052
5305
12980
10617
2178
25698
28965
14618
6618
3361
21286
1907
1901
2703
13604
1903
28133
28133
10615
1903
28678
18123
14824
13722
12889
23481
23481
6886
29310
10612
17942
3361
14874
5870
5277
5276
5287
29663
4993
24034
30147
30671
27406
31608
31609
31611
31611
13312
24322
29405
30390
28456
31612
29446
25758
30670
27406
14880
5260
13165
1984
11763
30424
29424
30391
30392
30389
12523
30388
28906
28906
10618
24034
29431
28965
29107
6618
28965
14643
5278
19485
2827
2827
24418
23481
2703
22213
13720
12322
13104
13104
21573
47013
46998
43008
43014
13750
6618
3367
10612
2182
23908
24321
1910
12890
2052
23908
23225
24322
11343
13720
29114
23225
24322
24320
24326
13720
3361
23225
5305
12893
1906
2200
3698
12944
2200
3698
13312
13312
13312
13312
5258
5305
23908
18419
2557
5598
21573
13722
7826
14877
28487
2884
1903
13720
25688
10617
13406
28678
1117
1117
14082
25688
1117
24012
2827
3351
27407
24331
24016
25688
26003
25758
23225
27406
27405
27406
26003
1910
29114
12142
13504
27405
27406
29694
1901
13611
1903
13611
30367
1903
1903
1910
30147
30147
23225
24322
14874
14874
1905
1905
2711
4993
13698
29437
29437
29438
29438
29439
29439
29440
29436
29436
29418
29418
29420
29420
29422
29422
29423
29424
29424
23225
1903
29413
29413
29418
29418
29430
29430
29442
28678
29444
29444
29439
29439
13698
5301
5291
2552
12944
29462
29462
29462
29462
29439
29439
3361
1899
2551
1910
30636
29462
29462
14882
20417
29462
29462
23382
29440
13751
12937
27407
24331
14707
14707
14707
13160
11343
10613
10613
1901
29637
29421
30412
12329
28487
34884
5304
10617
13406
5277
14874
5870
5276
10617
13406
29538
29107
30261
11343
4994
4994
21465
21465
29422
29422
29403
24328
24327
24319
29748
13698
1903
10612
12454
13622
28115
44252
23743
23743
29809
12744
2197
13406
29418
29418
29431
25816
29403
30456
12403
3432
13160
11383
14878
1899
2051
3361
3361
3361
3361
3361
3361
3361
3361
3361
3361
3361
5287
5287
5287
5287
5287
5287
5287
5287
5287
5287
5287
5287
5287
5287
5287
5287
5287
5287
5287
5287
5287
5287
5287
5287
5287
5287
5287
5287
5287
5287
5287
29819
29820
29821
30423
23225
24322
30261
21573
29900
12329
12329
28965
3361
2552
2809
5276
3361
3361
29436
29436
24016
12322
5262
2827
27405
27406
13222
13622
30128
30128
1907
21122
14837
12993
17383
22199
12858
12857
10613
10613
3494
20719
2703
30128
30182
23225
29667
30204
5286
14706
30208
30209
5258
30208
30209
22738
22738
30208
30209
5258
28365
29114
30208
30209
30208
30209
14882
20417
5597
5597
19053
1117
12063
5870
14533
10617
19053
19053
19053
19053
6229
19488
22391
2023
1903
23481
31325
31082
30208
30209
13708
31801
28914
5870
12142
12142
6680
5870
29683
30310
28736
31466
31805
31805
1910
1903
3494
13707
13707
12951
14643
2199
3694
29634
29642
2884
1901
30557
30390
30388
30387
30389
30389
30393
30391
30392
12959
29440
2199
3694
5532
13859
5304
30310
29424
29424
25879
29634
29642
30661
30662
2695
14822
31806
31468
13698
11021
31803
29403
24328
24327
24319
20718
29634
29642
12755
30647
30647
30445
12294
30452
30455
30456
5285
2552
28678
12421
29809
14533
28906
18062
5289
1899
29421
12304
12304
13723
29310
30576
5289
30795
21553
21553
14873
22738
28200
14822
1983
5260
13061
21553
5260
29420
29420
30128
29651
30128
5291
2552
19987
29685
17383
1910
28487
28487
29424
1903
13312
23225
13707
13707
29671
4994
4994
31274
31273
25879
13722
12867
30310
13623
23225
24322
12882
30624
29651
12304
2551
13222
30625
32565
13720
31497
31497
2178
28678
4993
2147
30801
13709
11019
5282
12298
12298
13698
13750
12421
14082
30669
30660
30660
30661
30662
30648
30128
22391
12882
30699
30699
14707
29424
13061
13061
13061
31654
2813
2551
31605
5289
13312
2182
1984
27405
24322
29403
24328
11365
5289
17462
13722
11323
5856
1906
12298
3361
3361
30424
1903
30714
1903
13859
28199
30715
13622
13722
2695
29438
13705
22215
22215
5278
5260
17383
28488
21551
30128
14818
30624
32384
5304
5304
29655
30580
29655
30580
14873
1897
5260
30790
15910
30802
21465
13078
13750
13750
10614
10614
25816
25818
32562
12861
13708
30848
28037
28037
30801
17383
19981
29404
19981
13504
27852
12063
31497
29114
29634
12951
5291
2552
31083
3361
2147
10613
10612
10612
10617
10617
5870
29626
18419
13698
12329
31205
31205
24321
12403
13631
28487
21122
14533
30848
30697
31669
13078
31327
26003
29538
13336
14874
10614
31311
31467
1906
10614
5258
22391
31348
1905
12523
5870
29107
3361
3361
20718
14870
14533
13165
5262
12993
12993
22738
2813
2551
13698
29403
12746
24014
13622
13722
13720
29436
29436
29415
29821
29544
12461
23052
1901
12745
31551
13698
11021
17942
5870
1908
13859
1903
5870
2202
12858
5870
5870
14092
31604
2551
31273
13222
12893
13504
13220
22738
11321
22738
14870
5278
5260
12786
12893
25816
25818
13722
12461
23052
12959
29442
29705
31327
3432
11321
29681
14818
12748
23741
10614
10614
3361
22738
12893
14532
5303
28650
22738
25816
13722
31743
31743
4991
3367
13610
2551
14475
12523
11424
12868
31604
2551
24418
2711
10612
10612
2182
11041
24016
1910
13610
29655
30580
29655
30580
1910
3346
22391
31311
13861
6680
29676
1906
1906
2552
3757
3757
3757
29418
29418
29418
29418
28365
12294
18293
14707
30699
30699
17383
29685
14707
29651
13924
22391
5287
2147
2147
14873
20468
23673
32731
32731
32507
30403
30403
14535
32448
32604
31468
32603
32607
29440
7826
32632
29439
29439
3433
3433
29107
17383
32605
30802
32272
25816
6886
32875
1910
12403
32729
29748
32322
32322
32425
32425
30699
30699
12294
6886
12747
2714
32612
32613
2703
2703
32874
31468
2813
32876
2703
2703
32614
32887
32885
30670
31669
12750
29310
30376
30376
5287
30699
30699
21580
23889
2716
6231
1907
14618
13859
2200
5870
27850
27850
32499
5870
5287
12901
1908
29403
27406
24034
24038
30625
32463
12850
31603
32611
28199
1910
14707
14707
14707
19214
32463
32463
31551
17383
1910
1899
1984
1899
1984
11762
12523
11762
12523
5491
5491
32484
32484
2551
5287
30699
30699
32477
32504
32425
32740
10617
10617
5870
29685
18983
31468
1901
2695
28133
28133
32878
32877
32530
18122
32887
32887
32886
32885
32884
21465
21465
32879
12889
5262
23174
21573
32460
5287
32610
5870
32371
2196
18123
1910
32644
6234
3346
1901
12745
20718
10612
10612
2551
1910
32874
32876
29543
29543
29544
30670
28678
32729
29710
32730
32322
29544
25816
25816
32322
32603
32272
31669
31669
1910
32371
23673
23673
29442
12959
32892
32891
32893
32889
32889
32894
32894
2714
23673
23673
2714
30310
12889
5262
30388
32827
32826
31604
2551
31604
2551
3361
3361
29665
30580
30580
32565
23174
28133
28133
28133
28133
28133
28133
2196
13859
13859
28087
29636
28648
23450
2197
13709
14092
2716
27850
27850
2559
12937
22199
33981
18983
25698
12951
10618
6224
1903
33094
33990
33990
33982
33982
33002
33980
33980
1906
4991
5856
2023
5870
5301
14822
33983
33979
1903
2197
2196
2716
3367
4994
3361
2552
1895
1984
33213
12629
41256
6680
14874
43581
10756
10617
17462
17462
33170
33169
33220
5278
33319
17462
1985
33320
13922
17462
17462
11087
10617
20468
5303
33169
33220
1910
1983
1907
1903
3326
30624
1896
2179
2551
18983
33161
33162
33161
33162
33161
33162
13861
2703
12858
3494
33125
1910
4994
20719
30647
12329
7826
5301
13078
5286
1897
13922
13705
3351
2704
33295
11021
2023
12744
12745
14533
34034
2558
20417
2717
2717
2179
2827
13719
29542
30403
29542
30403
30456
11021
1895
1984
13753
2809
18983
2703
13859
2703
13859
13855
13855
11424
5289
1899
1984
5287
1899
23052
13504
12944
2552
21573
21572
2552
2179
2552
2179
2552
2179
2552
2558
13312
13604
5260
33975
1895
1984
33116
30576
12867
2551
18122
10617
1906
2827
12294
14118
10613
12890
1903
5292
1900
33598
32884
2053
2183
33172
1897
1984
21465
21465
1899
12523
2179
2551
2179
2551
2179
2551
33177
12892
40183
40183
33608
6224
13165
13165
13165
1910
12892
1906
33178
29694
3364
3364
2147
5281
14707
5303
33544
13922
4994
33178
1909
3362
1899
1984
13722
33276
33275
28650
5276
39699
4993
9659
12456
5262
13924
3364
30403
2176
1903
33276
5289
3361
13922
2552
33301
37130
1903
12857
1117
1117
13625
11369
1984
1910
33992
33991
22346
28914
5870
43525
27850
41022
33169
5287
2704
33169
33220
33295
11021
33276
33169
33220
1899
2053
12862
29310
5287
25588
10611
12454
11763
1906
13721
29542
30403
5258
12857
2703
1899
1984
13341
15460
2200
3698
2200
2200
33301
28914
1910
33793
33984
33789
1910
13336
12754
14642
1899
2052
12523
33525
33526
2559
2202
13854
12294
13924
1983
33595
33595
33597
33594
33596
33544
33544
2200
12870
30661
10756
28914
33275
33798
32856
33608
33609
33609
33275
33275
33320
1961
34816
1910
2703
2827
2716
3367
13722
1910
33162
14818
29441
29437
29437
12742
9659
1910
15460
13861
1910
3346
28487
10617
5745
12329
37059
22215
2551
1899
1896
1905
2551
33161
33162
33161
33162
22199
7826
37059
33162
2147
14837
5747
12063
34045
34045
22341
33598
3757
34058
34058
13859
14824
14836
13160
5305
1984
6680
29414
24038
32530
30424
32856
12861
21122
27496
27496
2809
13147
13147
29422
18983
34080
34080
12750
1903
3351
2558
21573
5260
5305
13751
12629
2177
1903
13611
6680
29657
1895
1961
5285
3364
23241
19485
1897
5278
5278
5278
1899
1984
2552
1899
1984
2552
1910
13631
5870
1897
3350
34217
5278
32484
3362
13605
3350
3364
12523
30367
29537
3364
1897
29663
34301
34277
30367
13698
32322
24320
24326
29634
23907
24320
34308
27405
32856
12861
32530
34278
12902
22391
28087
21573
11041
29446
12860
3757
3432
5258
3432
5258
3432
5258
25816
25818
7826
3432
5258
3364
2703
1897
2703
3757
5598
5258
5598
5258
2552
5278
5278
5278
2718
3432
5258
3432
5258
3432
5258
3432
5258
12523
30661
23743
23741
11321
34284
29634
32856
34457
23225
34270
29697
1903
2718
3756
3432
5258
3432
5258
3432
5258
3432
5258
23225
24322
12063
24017
34301
34274
24320
1897
1903
29107
3364
3364
1905
2552
5289
5258
5289
5258
1905
2552
10617
10617
32530
34278
2827
13406
1897
2704
45123
45123
2809
1897
3364
1904
5258
1904
5258
24017
31743
34588
32530
34278
34531
34532
34531
34532
34531
34532
34531
34532
11021
5301
15460
34536
12751
31609
31609
34531
34553
34552
11021
34269
10617
14535
2695
5747
2827
31609
31609
2023
2023
12328
12063
34311
23428
23428
42921
34681
5260
21554
5289
2178
1896
21580
22199
2703
2703
2703
30310
12629
30310
21580
30078
13611
1903
13611
1903
3362
11321
1910
13605
12523
3362
13605
32507
30310
2813
1906
1896
2552
2201
13341
2178
30310
13751
2178
1903
13338
14870
12742
34717
33301
33276
10612
12454
10612
12456
10612
12456
14527
10612
12456
10616
11505
33002
1908
12183
13336
34696
30310
34693
33002
34881
34882
35463
35463
34280
34311
34884
34885
34886
34886
34879
10612
12456
2559
34693
12870
13338
34638
31608
9659
34771
13721
1906
3350
24418
24418
10617
5260
33168
12452
30697
1910
34771
13721
34878
34874
34873
34875
34875
34876
34816
34819
34058
5303
14527
27862
34877
3364
10617
5292
6680
5870
33544
13922
12182
34284
34284
34284
1117
32484
35220
21551
30128
35236
34899
2695
13721
34899
27496
34308
14084
2827
13722
3432
30181
30181
36990
37119
13750
2177
30310
38296
10617
30310
30310
13312
11586
21580
21580
34058
28914
10612
12456
14642
35117
35117
34873
33795
14535
30795
34326
35235
30625
5278
11587
2178
28487
11587
5278
5278
12745
34879
3364
1903
11343
14870
4991
32360
18122
35220
13861
1906
34552
34552
6946
1899
5301
1906
27850
2200
12870
12854
12855
2200
12870
3367
34552
34552
34552
34552
34311
5278
1906
34311
27862
27862
5260
5746
28914
35561
35561
4993
1117
42921
1117
22199
2178
2178
6680
28906
3494
11506
2023
2023
13721
12801
13606
2557
28914
2178
2552
2023
2023
33002
18122
35712
3346
10617
1903
13611
11087
2178
2178
2178
35714
1899
13165
10616
34325
29107
34531
34818
1910
36778
12883
34552
3350
3699
12745
30445
12883
14706
6680
29407
14870
1904
1904
2023
5281
5281
35724
24418
12591
5856
2552
1899
5305
1984
13160
14824
14836
23856
35727
35727
34881
35727
34881
11019
3494
11506
1897
13922
13922
1899
3350
17040
2023
29310
34639
34640
21549
35741
17383
12851
3432
3432
14105
33275
33275
35779
35781
25698
32610
33275
2198
21580
29668
21572
2551
13722
1910
21795
29421
2177
12869
35804
2201
3695
35805
34717
3757
35805
12959
2558
20417
1899
12933
1899
12933
12591
12860
38609
4994
4994
4994
4994
4994
4994
33275
33275
5287
11763
11763
13312
30408
23907
5532
30078
1903
13611
30182
13706
35939
13750
12854
1903
15460
2717
30662
4991
28650
39289
34080
31806
30456
5870
12850
21573
11041
18123
12629
36762
10612
37146
33180
6680
2551
35781
5856
2552
29310
1906
13631
3361
12959
14535
5870
38235
38249
13336
36749
36749
39745
33979
3350
1903
13611
5856
2552
44056
36990
29107
36778
36869
27862
31273
36750
33125
36761
14084
18596
36755
27862
2809
37917
37914
37916
7826
30848
34311
28678
3361
28199
24418
19053
29107
2023
1899
35727
22210
22211
2023
2023
2023
35942
34693
33773
14870
5260
13924
13924
13924
13924
13924
13924
13924
13924
13924
19988
33773
14870
5260
2704
36790
1910
13610
12854
15460
30180
35727
35727
35727
35727
35727
32507
1910
1903
12852
21795
12860
5856
2552
2827
6233
2198
1910
37917
36755
27850
12854
1906
33169
33276
33544
33594
39024
5260
1903
1903
6322
3699
3697
3494
11506
2552
12750
3362
13723
3699
3697
5532
1903
2827
29681
3432
3432
14105
13611
12856
3351
5260
1899
2552
30178
2552
12854
12854
7826
3350
34638
31608
9659
34638
28487
2178
10616
2551
10611
10614
2178
10616
2551
3350
1906
34637
12454
5262
12856
12745
6231
6231
12854
12859
30310
12868
12850
13709
5276
21573
2551
5598
5598
37249
2884
4994
33161
33162
14535
33125
36761
29442
6231
3350
2201
3695
6231
6231
29442
6231
12748
14535
12850
13611
14535
14535
12850
29441
12944
12932
12944
12932
30403
12933
37924
37924
38216
12933
24409
1896
1896
5262
37120
21572
24512
20412
2552
37119
30647
3364
6224
34668
7826
37123
2200
3698
12862
31253
10617
14870
1903
37310
21572
13341
1906
3350
13721
21573
37119
13706
25587
13604
3346
3367
5278
12859
3699
12749
28648
21555
19988
12944
12932
1896
1896
5262
12932
37266
7826
3494
11506
2023
12629
3346
12523
38580
39699
3346
35312
1903
37308
33169
2178
29900
2559
33525
33526
37249
1117
1910
12944
12932
12944
12932
14533
13611
3494
11506
2552
10611
10614
34886
34886
3350
12063
32371
14870
14870
14870
1899
2552
5856
2552
10611
10614
2178
37120
21572
33161
33162
5856
2552
33544
2178
2178
5856
2552
10611
10614
11424
14870
2178
13722
23174
17462
2023
34820
1899
1984
1903
30388
14823
12890
1905
1905
1905
5303
1905
12523
5291
37120
21572
5856
2552
5856
2552
11505
2552
2178
14870
5260
30181
12452
34682
1901
30182
28914
1910
13610
11591
29541
5305
1909
19988
35804
5598
5598
37249
37610
34816
34816
2552
2704
2704
21564
14533
2559
10685
23998
21795
21795
2552
2552
12403
19053
43199
12743
43196
14575
6680
2147
2147
32729
38315
34682
13709
1903
13150
5856
2552
12591
9659
5303
30403
5304
5277
14823
14874
21573
21572
21564
37832
37832
12959
39287
39288
39290
39290
39289
12890
1984
1899
2176
14870
17383
19988
14874
14874
2178
2178
13721
21564
21564
29748
37249
12338
33161
33161
33161
33161
33161
33161
33161
33161
33161
33161
33161
33161
1909
3346
13605
37917
20412
2200
34717
21553
21564
21573
21572
28916
35712
7826
21573
21572
12944
12932
30310
17383
22391
6231
6231
6231
6231
12591
13706
13706
29542
30403
14874
11506
38099
12858
12941
6231
38215
31273
7826
39741
1910
39744
33168
39746
39746
30624
30624
20738
39750
5278
15460
15460
23743
1910
38304
33276
40598
40597
39658
28914
18596
33789
44252
1899
44733
42543
1899
1899
1899
1899
13862
39661
29409
31801
30182
3494
11506
11763
5262
5289
10617
5262
2023
2023
5870
13709
1899
2023
33320
33301
5305
5276
19053
33521
1910
1899
12883
33521
1899
23052
22199
33168
3494
13750
2717
3757
28914
5258
35740
34820
10612
29668
38554
33521
12403
39661
14707
39662
23998
3698
5303
33521
1899
5303
1903
12862
2201
2200
2199
3433
3433
32562
2884
4994
28678
2023
40729
12294
14824
33521
38602
38603
13147
35740
11383
33521
23369
36778
38652
5278
15460
28678
28914
33798
33789
14879
13336
2827
2827
30078
4993
1903
1903
12742
1899
12932
5262
2557
11021
28678
11763
36778
33609
39288
33594
33594
34461
36755
39752
39753
43623
39155
13319
30392
28678
12591
38721
12932
33319
12523
38720
12523
5289
3433
34668
39101
39032
28914
5258
13861
13862
2695
12523
2703
13859
12523
1903
3699
12870
1117
7826
28678
13622
12856
2884
1906
1906
1910
34045
34045
1903
5260
40595
40596
11021
1910
1906
19053
12855
2202
1117
12523
19053
40595
40596
1910
12855
34717
11021
33168
12860
31273
33171
12294
1910
1910
33975
33975
11591
12322
12329
38723
12932
11021
37123
34717
12855
2559
2180
30795
38723
12932
11021
11021
1910
11763
12591
38723
12932
38720
12523
34638
25646
39312
33169
13319
14824
39312
2557
11021
39325
1899
12932
5262
12868
12742
7826
7826
7826
7826
1899
12932
5262
39447
39456
40183
40183
1899
12932
5262
1899
12932
5262
2180
29435
14105
6233
6231
6231
2557
5258
1899
12932
5262
39892
13861
12856
12932
5262
38723
12932
11021
5303
14092
1906
5258
5258
15460
5258
15460
39742
36750
13705
39742
39742
13705
39742
13705
1899
5491
2551
12855
39381
18596
39921
44454
5258
17123
39922
17123
39922
1906
39753
2827
40276
40276
1903
1903
5856
2552
5856
2552
5856
2552
2178
3364
1897
19487
1899
1984
2552
1899
1984
2552
1899
1984
2552
1899
1984
2552
5278
5278
5278
5278
5278
41244
41244
5856
42161
48949
20719
40436
39744
40435
40452
12932
34298
23052
39744
33981
39923
38488
21553
40485
40436
36755
40487
40276
40770
40436
40542
39288
39750
40534
40537
39744
34819
35727
40534
40436
1910
38603
12331
34307
3350
33981
33981
3350
33276
40535
40436
2884
40967
40968
36755
40606
40605
40644
40537
40759
40759
44715
12901
18644
5856
2552
40436
13611
39744
2023
2200
3698
33276
40535
3350
2884
40276
40436
40894
40759
40759
1983
14118
1910
40436
35727
35727
40436
40436
14533
14533
11505
32856
13722
2178
2551
3350
33276
38215
5289
2827
1910
34817
41613
33981
33981
4994
11087
40436
40537
35727
41090
33975
33975
1899
2551
31609
30180
34080
5261
14533
33318
11542
35939
34079
35561
35561
40436
40487
40770
41358
31805
41360
41364
41365
5870
5870
34079
40487
41371
39750
1899
11041
12890
1984
34820
22215
41358
40606
7826
39744
40436
34818
40606
40605
40644
2827
1903
12850
2198
12870
34818
7826
40537
33275
12883
34638
40644
21554
2200
14643
14642
14535
41613
2198
12870
30078
14535
14535
2200
1903
27862
5260
34079
14875
14875
40894
28125
18123
40542
40542
40487
40759
12858
40542
39288
41691
41691
41695
41764
41764
12901
12901
39382
39288
40434
40436
41889
40537
30180
34080
2200
40436
40770
40770
1910
43227
42140
35781
35781
40770
40770
35727
35727
1910
5303
40542
39288
39751
39288
11587
14533
40436
2559
33798
14533
14533
37917
42544
42543
41259
41259
41259
41259
5278
42477
40436
21553
41180
24320
24320
24326
34285
34285
24319
29114
42506
24319
42507
42507
30423
30714
29107
11087
42509
30078
24326
24320
24320
24326
34285
34285
24319
40464
34280
42547
34281
40770
13632
24319
13631
24326
12890
14118
1983
14118
35727
29406
29406
2200
3698
28115
43226
41180
41358
30078
42506
42757
42757
2552
42759
3364
2552
30180
34080
40276
40276
42756
1910
2559
12290
30625
1910
14533
14533
42773
12883
12883
2179
42775
2179
42775
2179
42775
42544
42543
3433
42544
42506
42544
2552
42544
43110
11087
42925
42873
19053
41983
42920
42920
42921
2559
40537
30180
34080
42925
2181
2196
36755
21553
43008
5598
5598
37249
21553
21580
34693
34693
21580
43014
21580
42426
40276
40276
21580
23889
5289
7826
12629
12629
1905
42477
39744
35781
1903
43091
43092
43487
43477
43474
44227
44238
44232
44233
42544
42543
37917
12742
43111
43113
43112
43112
43113
43625
41259
40595
40596
12862
40598
42543
12862
12862
12862
12862
12862
12862
12862
12862
12862
43152
19015
14870
2178
43216
11019
11019
11019
11019
23052
43175
43175
21554
42759
43205
2827
13406
30802
31609
40276
40276
12892
43113
41256
6680
43223
43224
43221
43222
43219
43220
2704
43487
1906
42544
42543
43296
43295
34302
1910
37308
41371
41261
39359
43477
39359
33169
33169
39290
40596
43474
43477
37308
41980
42544
42543
13160
14105
41259
12403
5258
12883
13630
14105
12751
1903
39290
40596
40276
40276
43205
5262
43625
1908
11323
5260
12593
10898
14118
5293
24017
37249
42544
44706
33276
12892
11762
11041
2551
43532
37308
41371
41261
21573
13220
30388
34283
22215
35781
35804
29631
33181
21573
43113
43113
40598
42543
30423
40436
43692
1895
43580
43581
49864
35235
40435
40435
14870
43578
12749
43110
40276
40276
35804
28914
1899
1984
5598
5598
37249
1905
12523
30423
30424
21573
43596
41371
31608
41259
41583
41259
45123
41259
32632
44172
13750
36990
37119
2177
12183
2178
10616
2551
5289
5289
2177
12869
2179
42775
12852
12855
12856
12859
12850
12745
2552
2827
2196
2551
3433
2197
40598
42543
18419
6334
10611
10614
38298
34717
2201
3695
2200
28365
30423
43596
31608
30424
5260
21573
43596
30423
31608
30424
33177
33773
36749
36749
39289
31273
5305
18167
18166
15460
53835
14118
12183
30403
30403
42775
33276
43967
1896
12523
1905
2552
1905
2552
3364
3364
5289
5258
5289
5258
5305
34899
17462
5870
43578
5278
5278
5278
3364
1897
38215
1897
5278
5278
5278
5305
1903
1910
34818
13707
13630
2551
13707
21554
41358
12591
33275
44237
44237
21554
12959
5258
44169
32953
40605
1903
30423
30424
7826
43625
43479
43479
1908
36749
36749
20719
12331
13160
5856
5856
5856
44169
13722
41180
32884
13722
34816
34816
44439
28678
31669
41176
2201
19987
33276
41358
11591
14870
2178
35561
35561
35939
40276
40276
34876
44727
31609
12865
30670
12941
44726
12869
34875
32530
33168
13292
2177
12869
34899
14870
31609
18062
12183
2177
12869
2179
42775
5289
20718
6231
20718
6231
20718
6231
14837
6231
13723
6231
35781
6231
11505
34520
29638
5305
1984
14836
14824
14874
11506
5305
28365
34717
2200
2201
3695
2177
12869
13861
13862
31609
18062
41358
1895
12932
2703
13859
2703
13859
13861
13862
13861
13862
13861
13862
14874
11506
40759
2551
43692
12786
12523
12523
2196
33276
41764
41764
41371
37308
41259
40644
40644
17462
32953
12183
2552
2552
40770
22199
36778
33295
11021
34058
12629
32632
32632
42509
13753
13706
14533
14533
14533
14533
17040
29107
35781
6231
6231
6231
20718
6231
30310
2198
43625
37120
21572
32632
37123
37123
5305
5305
44821
7826
7826
7826
7826
25520
45985
45985
36778
41177
39384
40435
35727
41180
30182
21554
41889
43175
21573
21572
2827
13406
13861
36791
2703
1117
44952
1961
2552
7826
41177
39384
20412
42543
39744
1899
1899
39659
21572
1903
1910
39741
39745
33171
43110
46089
39922
46090
42543
46089
39926
1899
49024
49024
7826
28487
45081
49020
46092
49022
46089
46089
46089
25818
34637
34637
45055
25520
1899
41259
2704
10616
10616
45918
46107
42543
43474
17383
45053
34324
11586
35117
24328
35117
24328
11019
40183
40183
34079
34079
39751
45048
39659
21572
2178
7706
46020
46089
46089
23369
5597
27862
43219
45124
35220
34280
46090
11585
46090
12453
46090
46090
24331
46090
6254
30714
1903
1910
22215
6231
3351
2200
3697
19053
1903
35779
29709
29709
1903
3699
12870
10568
2200
12870
30078
30423
11343
24324
43596
34877
34281
13861
13862
42759
45726
45727
2200
12870
42506
34884
13750
34456
1117
2884
35781
46107
45856
2551
46107
42543
46090
46090
29821
46090
11587
46090
6254
46089
46092
46089
42938
46089
46093
46090
21572
46089
46089
18166
35727
35727
40595
40596
45528
40595
40596
41259
42543
29748
1899
37917
40595
40596
2559
43226
42773
40534
12893
45926
40183
43598
45692
3367
13861
13862
13861
13862
13861
13862
18062
14870
31609
18062
31609
14870
14870
18062
31609
1903
1910
1903
1910
30424
30423
46107
46107
46107
3367
34637
34637
14824
14824
14824
14836
14836
12182
14836
1903
1910
1903
1910
37123
37123
37123
1903
1910
5305
1984
5305
1984
5305
1984
34520
29638
34520
29638
34520
29638
5305
5305
5305
39024
41982
42925
41982
42925
39024
41982
42925
39024
12591
1903
1910
45925
37917
42544
45856
40595
40597
39750
40542
40542
46107
42543
12861
12861
49156
49158
3694
33597
49152
49154
41370
12755
34524
34525
49148
49024
49160
3697
13861
40894
49206
12786
12523
46737
46738
46737
12523
35779
52058
12523
12523
12523
14642
12523
29709
24331
28487
49024
49024
39659
21572
13861
3351
2196
2827
2197
2196
2809
10611
13631
12523
4994
4994
12523
11264
11264
24034
24034
2196
2827
46837
46841
19487
43110
3350
39287
34817
42547
39658
13220
34058
25758
14874
2147
35236
12591
1905
34816
34816
47034
47505
43175
43175
34693
46092
45053
31253
40436
46981
46982
46984
21555
46987
21572
31253
47013
47014
46987
46987
43014
21555
43014
46987
21572
21555
46983
47005
12747
21551
20468
46983
40540
40435
43175
43175
43175
46092
47034
47031
45053
21553
47032
21572
21573
21572
46987
46987
43008
2179
2147
7612
10614
21794
12063
23996
23996
23481
32632
33178
13061
45985
45985
11383
34285
34285
24326
39382
27407
25758
24326
34816
25758
24326
34058
3346
4994
29715
34305
34280
1910
13924
40598
40597
34285
34285
24319
34285
34285
24319
34285
34285
24319
34285
34285
24319
3346
40595
40596
23741
13924
31743
29642
41983
41259
34280
34281
2177
12869
1899
46089
42938
46089
46089
46093
46089
18166
46090
21572
46090
6254
46090
29821
46090
11587
46090
47844
47846
47844
47846
12183
23428
23428
43598
5289
41261
3433
46837
12959
43598
2708
46837
12285
5260
29405
6618
34505
12747
46837
29107
32856
12861
52058
49020
46092
29405
6618
34505
12747
42547
30367
34281
34280
29405
29405
29403
29403
46107
45856
30423
30424
30423
30423
30423
30423
30424
30424
30424
30424
12744
12745
33161
33162
33125
36761
40894
3362
13604
49024
49160
3697
29748
12861
49152
49154
33597
42477
2703
11019
11019
23052
2552
2559
49198
42921
33276
5258
34284
34284
34284
34284
34284
34284
52358
3698
33276
5258
40452
12995
49311
5598
49346
49363
49654
32610
52010
22215
22215
37249
38488
2200
3698
49357
49358
49709
28916
3433
34877
34281
35220
34280
50129
1910
40436
52007
52008
40894
40894
49311
34264
34282
34282
35117
35117
52009
49653
50221
52015
39659
3346
49637
49638
52016
1910
52012
49773
49775
49774
49687
2177
12869
34638
49637
49691
12523
11019
2179
42775
2177
12869
49719
49720
49725
49726
49637
49777
49717
40596
49713
49714
49724
49721
49722
49716
49734
49735
49716
49731
49732
49727
49728
49729
49730
49736
49737
49738
1899
2182
51949
13706
39746
39746
50252
51949
2559
45528
34816
34816
38099
39381
49761
49762
49763
49764
50814
42757
2552
4994
49773
2177
12869
49687
49775
49774
49767
34285
34285
24319
2809
34034
2177
12869
2179
42775
12860
49681
34816
1899
1899
1899
34552
34285
34285
34280
24324
24324
24326
33276
49814
49814
42775
11019
5291
45856
43152
11019
5291
45856
43152
42920
49777
42920
49777
35781
34284
34284
34269
51028
2179
42775
2177
12869
51322
51323
51324
51029
51029
49864
2809
34034
2717
3757
14533
42544
42543
14533
5288
1899
1903
52009
32562
12850
12851
49767
29114
12993
35781
5286
6254
35781
34284
34284
34269
34284
34284
34269
5598
24332
24331
49886
49773
49198
21573
1899
43175
21554
49767
12754
14642
5289
1910
45123
17041
2809
34034
49933
1910
17041
45123
2809
20719
49935
1899
52037
46107
49933
50225
52042
2809
34034
49734
49734
34274
50043
49713
49714
43224
2809
34034
34282
34282
34282
34282
2809
34034
2809
34034
2809
34034
5289
2809
34034
49734
49735
50249
49777
2559
49773
49775
49774
2177
12869
2179
42775
5289
1899
1984
2176
1905
50817
5281
5281
50224
50225
2177
12869
2179
42775
50043
49864
34282
34282
35117
35117
44952
39746
39746
49637
34638
12629
19485
49691
49687
12523
50757
11019
49638
49691
21573
12523
40595
49933
40595
49933
39659
2177
12869
49775
49774
12860
2179
42775
49773
49773
49775
49774
49775
49774
49691
49691
39746
39746
34638
34638
49687
49687
12523
12523
49637
49637
39746
39746
11343
49024
6254
12754
14642
40452
12995
3361
12754
14642
7826
40452
1910
39659
53056
11585
30128
11585
53096
11587
53055
30391
28678
53056
33597
13150
1904
54555
4993
2558
53835
14118
53056
43111
28365
53055
11200
30128
46841
11200
30128
29455
53056
11585
30128
2558
28365
53056
11585
30128
5289
5260
2558
2558
2558
2558
53056
11585
30128
28678
1899
53785
14118
13319
53963
14118
5870
6680
14870
31609
42925
39024
18062
41982
53933
5870
33982
33980
49022
53785
14118
14820
53835
14118
53933
5870
34693
42873
5870
43114
5597
49737
49737
40608
12742
33979
54555
4993
5305
5305
